1 -1 0
1 0 0
3 2 0
3 3 0
2 11 0
2 0 0
3 -15 0
1 36 0
1 0 0
2 0 0
2 10 0
1 -6 1
3 45 1
2 -12 0
3 7 0
1 33 0
3 11 0
2 13 1
3 5 0
2 0 0
1 -1 0
2 13 0
2 3 0
2 15 0
3 -68 1
2 -11 0
1 93 1
1 133 1
2 3 0
1 -1 0
1 1 0
1 106 0
3 18 0
2 29 0
2 0 0
2 -3 0
3 11 0
1 -2 0
3 16 0
1 165 1
2 19 0
1 12 1
3 2 0
2 4 0
2 -6 0
3 -11 0
3 -1 0
1 35 0
2 2 0
2 14 0
1 0 0
1 98 1
3 -7 0
2 1 0
2 -21 0
2 15 0
2 -8 0
1 1 0
1 31 0
2 33 0
2 14 0
3 0 0
1 -4 0
2 0 0
3 0 0
1 -9 0
2 -16 0
1 0 0
1 0 0
2 37 0
3 3 0
2 42 0
1 -66 1
1 117 1
3 3 0
3 0 0
2 0 0
2 0 0
3 13 0
3 17 0
1 36 0
1 0 0
3 27 0
3 15 0
2 9 0
3 0 1
2 9 0
1 -2 0
2 10 0
1 -9 0
2 11 0
2 4 0
2 -29 0
3 0 0
2 -1 0
3 -1 0
1 95 0
2 0 0
3 0 0
3 4 0
3 -1 0
1 129 1
2 0 0
1 39 0
2 45 0
1 50 0
2 0 0
3 19 1
2 10 0
2 0 0
3 7 0
1 9 1
2 32 0
3 14 0
3 -2 0
1 17 1
1 133 1
3 -29 0
2 23 0
2 -2 0
3 -28 0
3 0 0
1 2 0
1 19 0
3 0 0
1 0 0
3 0 0
3 -1 0
3 0 1
1 0 0
1 166 1
2 -12 0
1 37 0
2 9 0
2 25 0
2 12 0
1 66 0
2 35 0
1 18 0
2 13 0
2 11 0
3 -5 0
1 104 1
3 -9 0
2 31 0
1 6 0
1 6 0
2 40 0
3 -21 0
3 -14 0
1 0 0
1 34 0
3 38 0
1 33 0
1 90 0
3 0 0
2 52 0
1 33 0
3 17 0
1 96 1
3 2 0
3 0 0
3 10 0
1 0 1
3 0 0
1 47 0
3 -44 0
1 87 0
1 -34 0
1 2 0
2 31 0
1 80 0
3 14 1
1 -40 1
1 -26 1
1 -25 1
3 -2 0
3 1 0
1 24 0
1 12 0
2 28 0
1 62 0
2 32 0
1 0 0
1 98 0
2 26 0
1 47 0
3 24 1
1 -22 0
3 -2 0
3 -5 0
1 104 0
3 10 0
3 7 1
1 5 1
2 42 0
1 7 0
1 87 0
1 64 0
3 -16 0
3 55 0
3 -17 0
3 -38 0
1 50 0
1 57 1
1 61 0
1 77 1
1 53 1
1 -4 0
3 -35 0
3 9 0
2 -3 0
2 0 0
2 0 0
3 10 0
1 0 0
1 -18 1
3 18 0
1 28 0
3 -7 1
1 140 1
1 7 1
3 -1 1
3 -2 1
1 86 0
2 0 0
1 92 0
1 45 0
3 10 0
3 14 0
3 -53 1
1 1 0
2 57 0
1 94 0
1 -17 1
3 4 0
3 -4 1
1 69 1
3 32 0
1 21 0
1 0 0
1 77 0
1 -27 1
1 0 0
1 73 0
2 24 0
1 79 0
1 84 0
2 0 0
1 27 0
2 12 0
3 5 0
3 16 1
1 4 0
1 4 0
1 99 0
1 93 0
3 4 1
1 68 0
1 0 1
1 42 0
1 76 0
1 -11 0
3 44 1
1 30 0
3 17 0
1 105 0
1 94 0
3 22 0
1 112 0
3 11 0
2 -54 0
1 39 0
1 116 1
1 5 1
1 92 1
1 0 1
1 0 1
3 6 1
2 -121 1
3 21 1
3 2 1
3 2 1
3 5 1
2 -13 1
3 23 1
3 39 1
3 7 1
3 1 1
1 9 1
1 6 1
3 3 1
1 6 1
1 7 1
3 0 1
2 -8 0
3 0 1
1 60 1
3 0 1
2 -72 1
3 -51 1
3 5 1
1 9 1
3 18 1
3 23 1
1 75 1
3 0 1
3 41 1
1 -22 1
1 32 1
1 6 1
1 88 1
1 97 1
1 -86 1
1 89 1
1 106 1
1 -3 0
1 -26 1
3 -1 1
2 1 1
1 -26 1
3 25 1
1 -26 1
1 20 1
2 0 1
3 -6 1
1 72 1
3 0 1
1 15 1
1 -112 1
3 -1 1
1 76 1
1 0 1
1 0 1
1 -14 1
1 133 1
1 78 1
1 -10 1
1 81 1
1 1 1
1 113 1
1 12 1
1 116 1
1 134 1
3 -21 1
1 15 1
1 120 1
1 76 1
1 0 1
1 121 1
1 96 1
1 0 1
1 72 1
2 -167 1
1 -7 1
1 124 1
1 -162 1
3 37 1
3 48 1
3 42 1
1 -28 1
1 0 1
3 28 0
1 12 1
1 -132 1
3 -36 1
2 44 1
3 38 1
2 45 1
3 -38 1
3 -104 1
1 4 1
1 -129 1
3 22 1
1 13 1
3 11 0
1 0 1
1 0 1
